adithya: 154.933353901
kaviraj: 182.999999047
nehang: 234.986673832
rithysh: 142.999985457
shivam: 248.985292911
teekshna: 234.000082016
tejasvin: 110.444516897
varun: 158.966637373
