amrit: 94.933203936
janhavi: 187.966626167
pavvan: 214.966845035
prakhar: 132.966682195
sarang: 88.933313608
shaurya: 70.966761827
