amrit: 94.933203936
janhavi: 187.966626167
prakhar: 132.966682195
shaurya: 70.966761827
